4677 ndnsnd.eddd 30 1 2030 4 7 3948 24 10 1923 3 8 4949 
4120 akdjkjsj.txt 3 9 10 23 9 3123 29 2 2011 2 2 3410 
4094 Gregory 1 2 2013 1 2 2013 1 2 2013 1 2 2013 
23113 HJJA 2 3 2213 23 4 1234 2 5 3356 3 6 4543 
23182 AAKS 2 3 2993 4 3 4443 20 9 2039 29 2 2009 
9062 kentish.txt 3 10 1995 2 12 2007 18 9 2012 27 10 2012 
14435 deletetree.tr 14 10 2013 11 5 2009 28 2 2006 8 4 1998 
16424 ytytytyt 1 2 2003 2 3 2004 17 10 1994 4 9 2009 
32181 akaka.ken 4 3 1980 7 9 2010 19 12 2012 17 9 2012 
6838 thisfile.fil 4 5 1992 3 12 3944 4 7 1995 27 5 2006 
